22171 0.447059
12532 0.433971
9718 0.139394
11278 0.280644
5985 0.417237
7745 0.102275
5638 -0.0277553
5536 0.0285714
4498 0.0232877
7020 0.117861
4306 -0.225
3938 0.275
3700 0.0856114
3831 0.837282
3640 0.219613
2267 0.3626
3052 -0.42
3079 0.152632
3613 0.239355
2862 0.333801
2505 0.0893312
2205 0.172973
2678 0.259823
2692 0.192561
2635 0.108256
2626 0.252174
1906 0.01
2333 0.774841
1613 0.387726
1945 0.459368
1711 0.455424
1863 0.178723
1335 0.239144
1235 0.108163
1138 0.00566038
1008 0.0382245
738 0.758459
745 0.137726
818 0.33752
678 0.277138
9900090 1.46161
551 0.217166
232 0.0947744
132 0.0851674
142 0.0741535
